7033.8 6.48049199999999E-5
7038.8 -4.4624509E-4
7043.8 -7.139460503E-4
7048.8 7.4612823E-4
7053.8 -2.8162664E-4
7058.8 3.44861397E-4
7063.8 5.52397855E-4
7068.8 6.5762851E-4
7073.8 -5.5509711E-4
7078.8 3.0572026E-4
7083.8 -2.30348826E-4
7088.8 -4.4427742E-4
7093.8 -1.659646E-4
7098.8 -0.0013344063
7103.8 -1.496256E-4
7104.8 -2.837364E-4
7105.8 0.0011761436
7106.8 1.84446400000001E-4
7107.8 -6.05170500000002E-4
7108.8 0.001606811
7109.8 0.00130087
7110.1 0.002463945
7110.4 0.001402809
7110.7 0.002209029
7111 0.002046849
7111.3 0.002595732
7111.6 0.002778252
7111.9 0.001898927
7112.2 3.70899999999758E-6
7112.5 -0.00344150999999999
7112.8 -0.003893049
7113.1 -0.002396188
7113.4 -0.002117375
7113.7 -0.00272814500000001
7114 -0.001139264
7114.3 -0.001847735
7114.6 7.76504000000004E-4
7114.9 0.001551832
7115.2 0.003565308
7115.5 0.00452673200000001
7115.8 0.007945893
7116.1 0.008072819
7116.4 0.00753883700000001
7116.7 0.00899314500000001
7117 0.007547189
7117.3 0.00708370699999999
7117.6 0.007262592
7117.9 0.00652966000000001
7118.2 0.00806512399999999
7118.5 0.00684073
7118.8 0.0100645
7119.1 0.01389877
7119.4 0.01387026
7119.7 0.0211465
7120 0.03114582
7120.3 0.04254598
7120.6 0.05369042
7120.9 0.0652285
7121.2 0.07365384
7121.5 0.07616853
7121.8 0.07888819
7122.1 0.08432111
7122.4 0.08694035
7122.7 0.0914889999999999
7123 0.10114931
7123.3 0.1144873
7123.6 0.13198097
7123.9 0.14530572
7124.2 0.16074914
7124.5 0.17689821
7124.8 0.18457368
7125.1 0.18780518
7125.4 0.18480903
7125.7 0.17949701
7126 0.17223738
7126.3 0.16524086
7126.6 0.1549887
7126.9 0.14530106
7127.2 0.13587884
7127.5 0.12524779
7127.8 0.1140277
7128.1 0.1055159
7128.4 0.0939162999999998
7128.7 0.0852919999999999
7129 0.0790127999999999
7129.3 0.0708487
7129.6 0.065482
7129.9 0.0515732
7130.2 0.0426616999999998
7130.5 0.035901
7130.8 0.0244192999999999
7131.1 0.0154795999999999
7131.4 0.00483769999999994
7131.7 -0.00178499999999993
7132 -0.00546240000000009
7132.3 -0.0104989
7132.6 -0.0155988999999999
7132.9 -0.0148397
7133.2 -0.0145179
7133.5 -0.0174566
7133.8 -0.0145694999999999
7134.85 -0.0111680000000001
7135.91 -0.0122329000000001
7136.96 -0.0196626
7138.01 -0.0290756999999999
7139.06 -0.032983
7140.12 -0.0392540000000001
7141.17 -0.0448506
7142.22 -0.0535415000000001
7143.27 -0.0640849999999999
7144.33 -0.0649637000000001
7145.38 -0.0682212999999998
7146.43 -0.0654975999999998
7147.48 -0.0612195
7148.54 -0.0559324499999999
7149.59 -0.05058613
7150.64 -0.0454189899999999
7151.69 -0.04094977
7152.75 -0.02971546
7153.8 -0.02134691
7154.85 -0.0114666200000001
7155.91 -0.00110474000000005
7156.96 0.01213164
7158.01 0.0222469199999999
7159.06 0.0316713199999999
7160.12 0.03867765
7161.17 0.0460000700000001
7162.22 0.05357924
7163.27 0.05254
7164.33 0.055496
7165.38 0.05395046
7166.43 0.05500183
7167.48 0.0507064399999999
7168.54 0.05011463
7169.59 0.0455301499999999
7170.64 0.04578412
7171.7 0.0437030799999999
7172.75 0.0392085600000001
7173.8 0.0351096900000001
7174.85 0.0296091500000001
7175.9 0.0244156
7176.96 0.0193707999999999
7178.01 0.0130581999999999
7179.06 0.0114049000000001
7180.12 0.00631599999999999
7181.17 0.0031429999999999
7182.22 0.0010448999999999
7183.27 -0.00338090000000002
7184.33 -2.62800000000007E-4
7185.38 -0.00411169999999994
7186.43 -0.00628239999999991
7187.48 -0.00518960000000002
7188.54 -0.00963960000000008
7189.59 -0.0086866000000001
7190.64 -0.00963810000000009
7191.69 -0.0117657
7192.75 -0.0139757999999999
7193.8 -0.0185287999999999
7194.85 -0.0175844000000001
7195.91 -0.0215472000000001
7196.96 -0.0242194
7198.01 -0.0259720000000001
7199.06 -0.0264422999999998
7200.11 -0.0273269999999999
7201.17 -0.0294265999999999
7202.22 -0.0304498000000002
7203.27 -0.0330325
7204.33 -0.0294839
7205.38 -0.0287172
7206.43 -0.0274516
7207.49 -0.0257811999999999
7208.54 -0.0219587999999999
7209.59 -0.0160114999999998
7210.64 -0.01444018
7211.69 -0.01467363
7212.75 -0.00865355000000012
7213.8 -0.00653110999999995
7215.75 -0.00103534000000005
7217.73 0.00226886999999998
7219.72 0.00405514000000007
7221.74 0.00921448999999996
7223.77 0.0107273
7225.82 0.01120974
7227.89 0.00969036999999995
7229.98 0.00869628
7232.08 0.00944062000000001
7234.21 0.00794013000000005
7236.36 0.00504524000000006
7238.52 0.00697104999999998
7240.7 0.00704769000000005
7242.91 0.00590650999999998
7245.13 0.00910098000000004
7247.37 0.01058658
7249.63 0.01058277
7251.91 0.0101004600000001
7254.2 0.01073308
7256.52 0.0133567400000001
7258.85 0.0112343499999999
7261.21 0.00788975999999997
7263.58 0.00621622000000011
7265.97 0.00429650000000015
7268.38 0.00376069999999995
7270.81 -9.52999999999982E-4
7273.26 -0.00361300000000009
7275.73 -0.00579140000000011
7278.22 -0.00914799999999993
7280.72 -0.0113475999999999
7283.25 -0.0103803999999998
7285.79 -0.00815689999999991
7288.35 -0.00993690000000003
7290.93 -0.00948930000000003
7293.53 -0.00716549999999994
7296.15 -0.00750490000000004
7298.79 -0.00846309999999995
7301.45 -0.00679689999999988
7304.12 -0.00666020000000001
7306.82 -0.00530469999999994
7309.53 -0.00309559999999998
7312.26 -1.02899999999906E-4
7315.02 -0.00309938999999992
7317.79 0.00148855999999997
7320.58 -9.37170000000043E-4
7323.39 0.00261911999999997
7326.21 0.00706451000000008
7329.06 0.00660255999999992
7331.92 0.00538735999999995
7334.81 0.00828750999999994
7337.71 0.00631351000000002
7340.63 0.00521903999999995
7343.58 0.00488036999999997
7346.53 0.00613425000000001
7349.51 0.00404211999999993
7352.51 1.31879999999973E-4
7355.53 0.00336907999999991
7358.57 4.69260000000027E-4
7361.62 -0.00137050999999999
7364.69 9.95099999999693E-5
7367.79 -8.28709999999955E-4
7370.9 1.87060000000128E-4
7374.03 -7.63099999999906E-4
7377.18 -0.00177218999999995
7380.35 3.83200000000139E-4
7383.53 -0.00408389999999992
7386.74 -0.00175500000000017
7389.97 -0.00426380000000015
7393.21 -0.00454310000000002
7396.47 -0.00446039999999992
7399.76 -0.00368179999999985
7403.06 -0.00473349999999995
7406.38 -0.00335509999999983
7409.72 -0.00196419999999997
7413.07 -0.00325408999999988
7416.45 -2.89080000000053E-4
7419.85 -7.58670000000072E-4
7423.26 0.00193065000000003
7426.7 -0.00161399000000007
7430.15 -2.51279999999965E-4
7433.62 0.00130381000000002
7437.11 -4.8449000000006E-4
7440.62 -5.21880000000086E-4
7444.15 0.00233883000000001
7447.7 -0.00119586999999999
7451.26 0.00375406
7454.85 9.30540000000035E-4
7458.45 0.00241046
7462.08 0.00153048999999994
7465.72 0.00218028000000003
7469.38 0.00328505000000001
7473.06 6.56070000000009E-4
7476.76 -9.44039999999924E-4
7480.47 -1.52759999999974E-4
7484.21 0.00181049
7487.97 -7.52539999999913E-4
7491.74 -1.26120000000007E-4
7495.54 -5.85389999999908E-4
7499.35 -0.00266600000000006
7503.18 8.19400000000026E-4
7507.03 3.09749999999998E-4
7510.9 -7.31169999999892E-4
7514.79 -0.0024213099999999
7518.7 -0.00187240999999994
7522.62 -8.84999999999359E-5
7526.57 6.85099999999883E-4
7530.53 -6.89999999980984E-6
7534.52 -0.00177494999999994
7538.52 -0.00179485999999995
7542.54 -5.52999999998693E-5
7546.58 -0.00204690000000007
7550.64 -0.00210320000000008
7554.72 -0.00339372000000016
7558.81 0.00191030000000003
7562.93 -1.76100000000012E-4
7567.06 -0.00178379999999989
7571.22 1.61799999999879E-4
7575.39 -3.60600000000044E-4
7579.58 6.91599999999903E-4
7583.79 2.9329999999983E-4
7588.02 0.00210219999999994
7592.27 4.20700000000052E-4
7596.54 0.00139509999999987
7600.82 8.65600000000022E-4
7605.13 8.90000000000057E-5
7609.45 0.00111240000000001
7613.8 0.00507670000000005
