7033.8 0.001951986
7038.8 0.0018413653
7043.8 9.5641464E-4
7048.8 2.3779627E-4
7053.8 -5.6855447E-5
7058.8 2.3812299E-4
7063.8 -4.8455226E-4
7068.8 -5.397141E-4
7073.8 -7.9928047E-4
7078.8 -3.8058935E-4
7083.8 -5.9178518E-4
7088.8 -3.7232718E-4
7093.8 3.7711136E-4
7098.8 0.0014156587
7103.8 0.0034521102
7104.8 0.0042971963
7105.8 0.0049986419
7106.8 0.0060508965
7107.8 0.0072582935
7108.8 0.0081855421
7109.8 0.010516072
7110.1 0.011400194
7110.4 0.012840153
7110.7 0.014038438
7111 0.015831212
7111.3 0.018437904
7111.6 0.022221049
7111.9 0.028260266
7112.2 0.036411871
7112.5 0.044995022
7112.8 0.051896483
7113.1 0.052850954
7113.4 0.051193192
7113.7 0.049888425
7114 0.048752129
7114.3 0.047662866
7114.6 0.046037204
7114.9 0.044170312
7115.2 0.043740316
7115.5 0.043955898
7115.8 0.04524874
7116.1 0.047244358
7116.4 0.049384241
7116.7 0.053115136
7117 0.058166703
7117.3 0.064417235
7117.6 0.072733434
7117.9 0.082462855
7118.2 0.094515088
7118.5 0.10864672
7118.8 0.12581927
7119.1 0.1460246
7119.4 0.16940436
7119.7 0.19366915
7120 0.21991383
7120.3 0.24785064
7120.6 0.27632879
7120.9 0.3064922
7121.2 0.33904904
7121.5 0.37609631
7121.8 0.41990342
7122.1 0.46694195
7122.4 0.5168713
7122.7 0.56342376
7123 0.60676639
7123.3 0.64183346
7123.6 0.6650155
7123.9 0.67816987
7124.2 0.68272351
7124.5 0.68404243
7124.8 0.68506801
7125.1 0.68939606
7125.4 0.69863995
7125.7 0.71532898
7126 0.74067656
7126.3 0.77317504
7126.6 0.81710515
7126.9 0.86434064
7127.2 0.92476966
7127.5 0.99221828
7127.8 1.0603159
7128.1 1.1290278
7128.4 1.1895949
7128.7 1.2451309
7129 1.2885676
7129.3 1.3177076
7129.6 1.3359891
7129.9 1.3439272
7130.2 1.3450209
7130.5 1.3391094
7130.8 1.3289819
7131.1 1.3177592
7131.4 1.3058427
7131.7 1.2916878
7132 1.2795236
7132.3 1.2662982
7132.6 1.2539961
7132.9 1.2412871
7133.2 1.2281491
7133.5 1.2155337
7133.8 1.2034029
7134.85 1.1648303
7135.91 1.1400442
7136.96 1.1305802
7138.01 1.133028
7139.06 1.1436445
7140.12 1.1625474
7141.17 1.1853969
7142.22 1.2064113
7143.27 1.2142612
7144.33 1.1993872
7145.38 1.1627822
7146.43 1.1153473
7147.48 1.0625624
7148.54 1.0112961
7149.59 0.96585584
7150.64 0.92642725
7151.69 0.8945679
7152.75 0.86770789
7153.8 0.84773989
7154.85 0.83330609
7155.91 0.82403216
7156.96 0.81955257
7158.01 0.82069006
7159.06 0.8247669
7160.12 0.83205488
7161.17 0.84183584
7162.22 0.85202375
7163.27 0.86259799
7164.33 0.87345783
7165.38 0.88263957
7166.43 0.89874789
7167.48 0.91303204
7168.54 0.92706696
7169.59 0.93973297
7170.64 0.95179279
7171.7 0.96430012
7172.75 0.97440952
7173.8 0.98694977
7174.85 0.99967871
7175.9 1.0094571
7176.96 1.017258
7178.01 1.0217608
7179.06 1.0249767
7180.12 1.0270128
7181.17 1.028254
7182.22 1.0315893
7183.27 1.0354664
7184.33 1.0378689
7185.38 1.0419348
7186.43 1.0457507
7187.48 1.0491222
7188.54 1.0527463
7189.59 1.0551841
7190.64 1.0569421
7191.69 1.0592307
7192.75 1.0602527
7193.8 1.0616553
7194.85 1.0623688
7195.91 1.0636318
7196.96 1.0633456
7198.01 1.0637234
7199.06 1.063822
7200.11 1.0623214
7201.17 1.0612609
7202.22 1.0580133
7203.27 1.0545812
7204.33 1.0504451
7205.38 1.0453499
7206.43 1.0393944
7207.49 1.0335025
7208.54 1.0268875
7209.59 1.0198649
7210.64 1.0137243
7211.69 1.0063852
7212.75 1.0011841
7213.8 0.99550477
7215.75 0.98789569
7217.73 0.98387944
7219.72 0.98171796
7221.74 0.98068317
7223.77 0.98193007
7225.82 0.98347504
7227.89 0.98474188
7229.98 0.98653437
7232.08 0.98773494
7234.21 0.98951695
7236.36 0.99032878
7238.52 0.99020914
7240.7 0.99056174
7242.91 0.98949395
7245.13 0.98865103
7247.37 0.98828061
7249.63 0.98744511
7251.91 0.98793293
7254.2 0.98877681
7256.52 0.98985021
7258.85 0.9923598
7261.21 0.99572864
7263.58 0.99997406
7265.97 1.0049821
7268.38 1.0102573
7270.81 1.0163711
7273.26 1.0210443
7275.73 1.0255962
7278.22 1.0284621
7280.72 1.0297343
7283.25 1.0294027
7285.79 1.0267431
7288.35 1.0260681
7290.93 1.0234428
7293.53 1.0210456
7296.15 1.0200676
7298.79 1.0186624
7301.45 1.0170656
7304.12 1.0159381
7306.82 1.0137387
7309.53 1.0110757
7312.26 1.008503
7315.02 1.0038339
7317.79 1.0007867
7320.58 0.99696566
7323.39 0.99474639
7326.21 0.99125548
7329.06 0.99002387
7331.92 0.98849418
7334.81 0.98787446
7337.71 0.9878096
7340.63 0.98803711
7343.58 0.98880937
7346.53 0.99094937
7349.51 0.99296663
7352.51 0.99469696
7355.53 0.99546847
7358.57 0.9971516
7361.62 0.99881275
7364.69 1.0004656
7367.79 1.0006171
7370.9 1.000818
7374.03 1.002434
7377.18 1.0025664
7380.35 1.0031269
7383.53 1.0051449
7386.74 1.0061906
7389.97 1.0053447
7393.21 1.0065805
7396.47 1.0070899
7399.76 1.0071513
7403.06 1.0067226
7406.38 1.0053142
7409.72 1.0046157
7413.07 1.0023733
7416.45 1.0002639
7419.85 0.99974423
7423.26 0.99740644
7426.7 0.9981598
7430.15 0.99792714
7433.62 0.99615219
7437.11 0.99550449
7440.62 0.99607054
7444.15 0.99533987
7447.7 0.99568972
7451.26 0.99553261
7454.85 0.99365512
7458.45 0.99416437
7462.08 0.99318141
7465.72 0.99373777
7469.38 0.99324377
7473.06 0.99408133
7476.76 0.99440668
7480.47 0.99663159
7484.21 0.99675324
7487.97 0.99717338
7491.74 0.99906198
7495.54 0.99881276
7499.35 1.0000836
7503.18 1.0001607
7507.03 1.0006005
7510.9 1.0013654
7514.79 1.0012329
7518.7 1.0016179
7522.62 1.0016412
7526.57 1.0011779
7530.53 1.0017098
7534.52 1.0026753
7538.52 1.0025876
7542.54 1.0028157
7546.58 1.0041399
7550.64 1.0033655
7554.72 1.0040735
7558.81 1.0039156
7562.93 1.0037008
7567.06 1.0041676
7571.22 1.0039639
7575.39 1.0033187
7579.58 1.003226
7583.79 1.0025675
7588.02 1.0027839
7592.27 1.0024206
7596.54 1.0018166
7600.82 1.0015082
7605.13 1.0012256
7609.45 1.002453
7613.8 1.0026877
