7110.1  0.00246394  0.0013437 0.0201807 0.0169886
7110.4  0.00140281  0.00173449 0.0210745 0.016954
7110.7  0.00220903  0.00172579 0.0220905 0.0179907
7111  0.00204685  0.00180399 0.0232733 0.0189877
7111.3  0.00259573  0.00191711 0.0246833 0.0201289
7111.6  0.00277825  0.00222696 0.0264179 0.0211275
7111.9  0.00189893  0.00282731 0.028672 0.0219553
7112.2  3.709e-006  0.00331356 0.0317339 0.0238622
7112.5  -0.00344151  0.00427897 0.0361456 0.0259804
7112.8  -0.00389305  0.00562581 0.0425874 0.0292226
7113.1  -0.00239619  0.0070021 0.0499144 0.03328
7113.4  -0.00211737  0.00851144 0.0567454 0.0365255
7113.7  -0.00272815  0.0103652 0.0626028 0.037979
7114  -0.00113926  0.0111159 0.0661781 0.0397709
7114.3  -0.00184774  0.0112693 0.067755 0.0409833
7114.6  0.000776504  0.0110567 0.0692856 0.0430191
7114.9  0.00155183  0.0112885 0.0718631 0.0450458
7115.2  0.00356531  0.012229 0.0753514 0.0463
7115.5  0.00452673  0.0132518 0.0794878 0.0480065
7115.8  0.00794589  0.0145548 0.0840969 0.0495201
7116.1  0.00807282  0.0157673 0.089201 0.0517439
7116.4  0.00753884  0.0167933 0.0948673 0.0549727
7116.7  0.00899315  0.0185677 0.1012 0.0570903
7117  0.00754719  0.0202653 0.108399 0.0602558
7117.3  0.00708371  0.0219467 0.116625 0.0644883
7117.6  0.00726259  0.024421 0.126138 0.0681223
7117.9  0.00652966  0.0267885 0.137152 0.0735128
7118.2  0.00806512  0.029921 0.149778 0.0786969
7118.5  0.00684073  0.0332438 0.163975 0.085
7118.8  0.0100645  0.0362519 0.179469 0.0933477
7119.1  0.0138988  0.0395438 0.19584 0.101899
7119.4  0.0138703  0.0426418 0.212682 0.111382
7119.7  0.0211465  0.0455282 0.23006 0.121902
7120  0.0311458  0.0485884 0.248568 0.13314
7120.3  0.042546  0.0523846 0.269069 0.144622
7120.6  0.0536904  0.0564988 0.292451 0.158231
7120.9  0.0652285  0.0615079 0.319309 0.173189
7121.2  0.0736538  0.0665301 0.350155 0.192104
7121.5  0.0761685  0.0717251 0.385463 0.215072
7121.8  0.0788882  0.0774383 0.425892 0.241927
7122.1  0.0843211  0.0827705 0.472349 0.275717
7122.4  0.0869403  0.0879734 0.525386 0.316395
7122.7  0.091489  0.0917822 0.585055 0.367015
7123  0.101149  0.0932487 0.649933 0.42841
7123.3  0.114487  0.0917499 0.716823 0.49886
7123.6  0.131981  0.0855423 0.780997 0.577781
7123.9  0.145306  0.075484 0.835708 0.656386
7124.2  0.160749  0.0636602 0.87582 0.724587
7124.5  0.176898  0.0528295 0.899756 0.774253
7124.8  0.184574  0.0471129 0.908361 0.796438
7125.1  0.187805  0.0482419 0.909475 0.79487
7125.4  0.184809  0.0566799 0.912301 0.777651
7125.7  0.179497  0.0708509 0.924736 0.756421
7126  0.172237  0.0894161 0.953896 0.741477
7126.3  0.165241  0.109231 1.00224 0.742752
7126.6  0.154989  0.127719 1.06727 0.763855
7126.9  0.145301  0.14277 1.14487 0.805705
7127.2  0.135879  0.150895 1.2269 0.868431
7127.5  0.125248  0.149259 1.30457 0.949984
7127.8  0.114028  0.137601 1.37105 1.04416
7128.1  0.105516  0.116223 1.42084 1.14474
7128.4  0.0939163  0.0873989 1.45032 1.24269
7128.7  0.085292  0.0552805 1.46073 1.32941
7129  0.0790128  0.0239656 1.45426 1.39733
7129.3  0.0708487  -0.00222019 1.43507 1.44034
7129.6  0.065482  -0.0221394 1.40898 1.46158
7129.9  0.0515732  -0.0349489 1.38141 1.46444
7130.2  0.0426617  -0.0413072 1.35543 1.45356
7130.5  0.035901  -0.0434997 1.3334 1.43674
7130.8  0.0244193  -0.0426583 1.31664 1.41798
7131.1  0.0154796  -0.0409427 1.30437 1.40163
7131.4  0.0048377  -0.038942 1.29556 1.38807
7131.7  -0.001785  -0.0369645 1.28927 1.37708
7132  -0.0054624  -0.0353414 1.28462 1.36858
7132.3  -0.0104989  -0.0338265 1.28078 1.36114
7132.6  -0.0155989  -0.032135 1.27739 1.35373
7132.9  -0.0148397  -0.0303363 1.27439 1.34646
7133.2  -0.0145179  -0.0282789 1.27174 1.33892
7133.5  -0.0174566  -0.0256113 1.26946 1.3303
7133.8  -0.0145695  -0.0231743 1.26757 1.32263
7134.85  -0.011168  -0.0162243 1.26197 1.30051
7135.91  -0.0122329  -0.0161146 1.246 1.28428
7136.96  -0.0196626  -0.0181803 1.21502 1.25821
7138.01  -0.0290757  -0.0213727 1.18238 1.23316
7139.06  -0.032983  -0.0273924 1.15397 1.21905
7140.12  -0.039254  -0.0355439 1.12956 1.214
7141.17  -0.0448506  -0.0464696 1.10569 1.21608
7142.22  -0.0535415  -0.0626969 1.0741 1.22304
7143.27  -0.064085  -0.0815208 1.02827 1.22194
7144.33  -0.0649637  -0.0965966 0.968429 1.19791
7145.38  -0.0682213  -0.103469 0.904341 1.15014
7146.43  -0.0654976  -0.101825 0.842612 1.08451
7147.48  -0.0612195  -0.0914009 0.793195 1.01033
7148.54  -0.0559324  -0.0753221 0.762867 0.941804
7149.59  -0.0505861  -0.0609707 0.744009 0.888852
7150.64  -0.045419  -0.0474428 0.732567 0.845273
7151.69  -0.0409498  -0.0341524 0.728006 0.809139
7152.75  -0.0297155  -0.0202094 0.730521 0.778531
7153.8  -0.0213469  -0.00583071 0.740563 0.754415
7154.85  -0.0114666  0.00833801 0.757997 0.738189
7155.91  -0.00110474  0.0214146 0.781863 0.73099
7156.96  0.0121316  0.0323404 0.809817 0.732989
7158.01  0.0222469  0.0416738 0.840019 0.741017
7159.06  0.0316713  0.0476337 0.870214 0.757054
7160.12  0.0386777  0.0515473 0.898794 0.776337
7161.17  0.0460001  0.0528333 0.923913 0.798401
7162.22  0.0535792  0.0524916 0.945163 0.820463
7163.27  0.05254  0.0509244 0.962482 0.841505
7164.33  0.055496  0.0488598 0.976522 0.86045
7165.38  0.0539505  0.0466698 0.987665 0.876795
7166.43  0.0550018  0.0445457 0.996721 0.890897
7167.48  0.0507064  0.0424469 1.00432 0.903486
7168.54  0.0501146  0.0405136 1.01086 0.914615
7169.59  0.0455301  0.0386142 1.01637 0.924639
7170.64  0.0457841  0.0366254 1.02098 0.933972
7171.7  0.0437031  0.0340576 1.0247 0.943789
7172.75  0.0392086  0.0314371 1.02751 0.952824
7173.8  0.0351097  0.0284513 1.02952 0.961931
7174.85  0.0296092  0.0256153 1.03082 0.969972
7175.9  0.0244156  0.0221717 1.03159 0.978919
7176.96  0.0193708  0.0189108 1.03199 0.987069
7178.01  0.0130582  0.0156367 1.03218 0.995034
7179.06  0.0114049  0.012274 1.03231 1.00315
