7107.46  -0.000766444  0.000581068 0.0136456 0.013
7107.55  -0.000789519  0.000611893 0.0136799 0.013
7107.65  -0.000764028  0.000674784 0.0137499 0.0130002
7107.74  -0.000683383  0.000765894 0.0138501 0.0129991
7107.84  -0.000541226  0.000879081 0.0139746 0.0129978
7107.93  -0.000340261  0.000106898 0.0141177 0.013999
7108.03  -9.50947e-005  0.000246414 0.0142738 0.014
7108.12  0.000178856  0.000393173 0.014437 0.0140001
7108.22  0.000466174  0.000541479 0.0146016 0.0139999
7108.31  0.000751445  0.000685876 0.0147618 0.0139998
7108.41  0.00101925  0.000822028 0.0149139 0.0140006
7108.5  0.00125418  0.000953828 0.0150589 0.0139991
7108.6  0.00144081  0.000178557 0.0151986 0.0150002
7108.69  0.00156372  0.000301776 0.015335 0.0149996
7108.79  0.00160751  0.000423177 0.0154699 0.0149997
7108.88  0.00156165  0.000544727 0.0156053 0.015
7108.98  0.0014431  0.000668728 0.0157431 0.015
7109.07  0.00127838  0.000796626 0.0158851 0.0149999
7109.17  0.00109402  0.000929869 0.0160331 0.0149999
7109.27  0.000916563  0.00107351 0.0161876 0.0149948
7109.36  0.000772531  0.000317043 0.0163481 0.0159958
7109.46  0.000688458  0.000462191 0.0165143 0.0160008
7109.55  0.000690878  0.000617474 0.016686 0.0159999
7109.65  0.000806323  0.000776425 0.0168627 0.016
7109.74  0.00106132  0.000938142 0.017044 0.0160016
7109.84  0.00148017  0.00111134 0.0172297 0.0159949
7109.93  0.00198907  0.000381371 0.0174197 0.0169959
7110.03  0.00238012  0.000552193 0.0176143 0.0170008
7110.12  0.00243684  0.000733014 0.0178144 0.0169999
7110.22  0.0021028  0.000918703 0.0180204 0.0169996
7110.31  0.00165157  0.00110831 0.0182331 0.0170016
7110.41  0.00139745  0.00131222 0.018453 0.016995
7110.5  0.00153645  0.000616255 0.0186808 0.0179961
7110.6  0.00188753  0.000824976 0.0189172 0.0180006
7110.69  0.00219468  0.00104533 0.0191631 0.0180016
7110.79  0.00225742  0.00128368 0.0194193 0.017993
7110.88  0.00215457  0.000623606 0.0196868 0.0189939
7110.98  0.00205265  0.000868752 0.0199663 0.019001
7111.07  0.00209867  0.00113229 0.0202588 0.0190007
7111.17  0.00228147  0.00141707 0.0205657 0.0189911
7111.26  0.00251312  0.000808076 0.0208888 0.0199909
7111.36  0.00270793  0.00110384 0.0212303 0.0200038
7111.45  0.00281824  0.00143866 0.0215923 0.0199938
7111.55  0.00282427  0.00088383 0.0219768 0.0209947
7111.64  0.00270772  0.00124298 0.0223869 0.0210058
7111.74  0.00247367  0.00165517 0.0228286 0.0209895
7111.83  0.00215268  0.00118305 0.0233086 0.0219941
7111.93  0.00177591  0.00165505 0.0238334 0.0219944
7112.03  0.00132755  0.00127279 0.0244094 0.0229952
7112.12  0.000715224  0.00184405 0.0250405 0.0229916
7112.22  -0.000160218  0.00156486 0.0257294 0.0239907
7112.31  -0.00130399  0.00223567 0.0264797 0.0239956
7112.41  -0.00248814  0.00209733 0.0273151 0.0249848
7112.5  -0.00344917  0.00205762 0.028276 0.0259897
7112.6  -0.00398331  0.00218161 0.0294032 0.0269792
7112.69  -0.00411858  0.00245485 0.0307126 0.027985
7112.79  -0.00393924  0.0028599 0.0321515 0.0289738
7112.88  -0.00353399  0.00241127 0.0336555 0.0309763
7112.98  -0.00301906  0.00286325 0.0351625 0.0319811
7113.07  -0.00252114  0.00328925 0.0366324 0.0329776
7113.17  -0.0021604  0.00365213 0.0380383 0.0339804
7113.26  -0.00199111  0.00393389 0.0393539 0.0349829
7113.36  -0.00202923  0.00413363 0.0405741 0.0359812
7113.45  -0.00228267  0.00426897 0.041735 0.0369917
7113.55  -0.00262281  0.00530002 0.042877 0.036988
7113.64  -0.00280212  0.00544337 0.0440372 0.037989
7113.74  -0.00257612  0.00651385 0.0452284 0.0379908
7113.83  -0.00197029  0.00671573 0.0464526 0.0389906
7113.93  -0.00136006  0.00785111 0.0477112 0.0389877
7114.02  -0.00114191  0.00809314 0.0489791 0.0399867
7114.12  -0.00143559  0.00918385 0.050194 0.0399897
7114.21  -0.00182132  0.00927327 0.0512911 0.0409875
7114.31  -0.00181718  0.0100958 0.0522129 0.0409954
7114.4  -0.00114561  0.00987815 0.0529375 0.0419618
7114.5  -0.000142931  0.00941539 0.0534537 0.0429922
7114.59  0.000739766  0.00968848 0.053752 0.0429871
7114.69  0.00116087  0.00889061 0.0538667 0.0439882
7114.79  0.001297  0.00889593 0.0538746 0.0439903
7114.88  0.00147795  0.0079837 0.053855 0.0449842
7114.98  0.00198337  0.00799804 0.0538738 0.0449871
7115.07  0.00271201  0.00717138 0.0539541 0.0459859
7115.17  0.00338795  0.00730902 0.0541098 0.0459887
7115.26  0.00376115  0.00662963 0.0543541 0.0469879
7115.36  0.0039265  0.00693448 0.0546907 0.0469857
7115.45  0.00421808  0.00641918 0.0551163 0.0479838
7115.55  0.00496047  0.00687578 0.0556274 0.0479877
7115.64  0.00612703  0.00650738 0.0562148 0.0489844
7115.74  0.00732801  0.00707633 0.0568569 0.0489943
7115.83  0.00816058  0.00683096 0.0575455 0.0499556
7115.93  0.00844189  0.00656222 0.0582804 0.0509891
7116.02  0.00832873  0.00726411 0.0590611 0.0509899
7116.12  0.00800688  0.00712829 0.0598875 0.0519672
7116.21  0.0076571  0.00700481 0.0607598 0.0529766
7116.31  0.00744838  0.00694663 0.0616781 0.0539596
7116.4  0.00754799  0.00689038 0.0626428 0.0549869
7116.5  0.00802938  0.00779864 0.0636548 0.0549897
7116.59  0.0086233  0.00787502 0.0647155 0.0559655
7116.69  0.00898226  0.00796701 0.0658262 0.056974
7116.78  0.00883024  0.00812278 0.0669887 0.0579634
7116.88  0.00830493  0.00831675 0.0682068 0.058966
7116.97  0.00769248  0.00856787 0.0694858 0.0599659
7117.07  0.00725752  0.00887131 0.070831 0.060974
7117.16  0.00705986  0.00926465 0.0722477 0.0619537
7117.26  0.00704658  0.00882253 0.0737405 0.0639377
7117.35  0.00716104  0.00930999 0.075313 0.0649686
7117.45  0.0073042  0.00989942 0.0769692 0.0659699
7117.54  0.00734197  0.0105888 0.0787127 0.0669474
7117.64  0.00714461  0.0104359 0.0805477 0.0689523
7117.74  0.00676752  0.0112752 0.0824791 0.0699511
7117.83  0.0064936  0.0113403 0.0845116 0.0719113
7117.93  0.00661732  0.0114291 0.0866504 0.0739514
7118.02  0.00719078  0.0125514 0.0889001 0.074954
7118.12  0.00781899  0.0129011 0.0912644 0.0769298
7118.21  0.00805899  0.013343 0.0937463 0.0789208
7118.31  0.00768862  0.0138871 0.0963489 0.0809188
7118.4  0.0071108  0.0145294 0.0990752 0.0829314
7118.5  0.00683837  0.015319 0.101926 0.0849053
7118.59  0.00727354  0.0152834 0.104897 0.0879152
7118.69  0.00832596  0.0162748 0.107979 0.0898961
7118.78  0.00976827  0.0164459 0.111166 0.0928932
7118.88  0.0113632  0.0175864 0.114451 0.0949109
7118.97  0.012803  0.017952 0.117827 0.0978802
7119.07  0.0137494  0.0183516 0.121286 0.100896
7119.16  0.013915  0.0188601 0.124823 0.103867
7119.26  0.0136182  0.019401 0.128429 0.106872
7119.35  0.0135762  0.0200011 0.132099 0.109876
7119.45  0.0144879  0.0206462 0.135829 0.112889
7119.54  0.0164998  0.0213805 0.139623 0.115867
7119.64  0.0192164  0.0212944 0.143491 0.11983
7119.73  0.022223  0.0221033 0.147439 0.12288
7119.83  0.0252935  0.0230609 0.151476 0.125853
7119.92  0.0284779  0.0232065 0.15561 0.129825
7120.02  0.0318475  0.0233942 0.159863 0.133869
7120.11  0.0354188  0.0246765 0.164261 0.136842
7120.21  0.0390861  0.0252198 0.16883 0.140808
7120.3  0.0427274  0.025898 0.173599 0.144824
7120.4  0.0462634  0.0267818 0.178594 0.148837
7120.5  0.0497616  0.0279261 0.183843 0.152814
7120.59  0.0533209  0.0284366 0.189373 0.157777
7120.69  0.0570104  0.0300784 0.195215 0.161795
7120.78  0.0607356  0.0311651 0.201396 0.166768
7120.88  0.0643471  0.0325659 0.207946 0.171761
7120.97  0.0676934  0.0334355 0.214893 0.177742
7121.07  0.0706098  0.0347131 0.222267 0.183697
7121.16  0.0729246  0.0363556 0.230104 0.189708
7121.26  0.0744822  0.0384612 0.238434 0.195699
7121.35  0.0753805  0.0401723 0.247292 0.202656
7121.45  0.0759157  0.0415343 0.25671 0.210561
7121.54  0.0763868  0.0433216 0.266722 0.218587
7121.64  0.0770206  0.045718 0.277367 0.226569
7121.73  0.0779595  0.0478189 0.288688 0.235556
7121.83  0.0793391  0.0505497 0.300728 0.244562
7121.92  0.0811216  0.0532029 0.313531 0.254417
7122.02  0.0829654  0.0555925 0.32714 0.265371
7122.11  0.0844992  0.057805 0.341598 0.27737
7122.21  0.0855125  0.0608075 0.356938 0.289374
7122.3  0.0862251  0.0637579 0.373186 0.302344
7122.4  0.086928  0.0667738 0.390365 0.316172
7122.49  0.0878844  0.0696302 0.408502 0.331135
7122.59  0.0892414  0.0724599 0.427619 0.347108
7122.68  0.0911156  0.0752844 0.447742 0.364092
7122.78  0.0935982  0.0781305 0.468855 0.382044
7122.87  0.0966109  0.08014 0.490858 0.401813
7122.97  0.100006  0.0826242 0.513636 0.421831
7123.06  0.103654  0.0848466 0.537076 0.442802
7123.16  0.107627  0.0866516 0.561066 0.464786
7123.26  0.112124  0.0879345 0.58549 0.487785
7123.35  0.117326  0.0888414 0.610225 0.511512
7123.45  0.123037  0.0886481 0.635019 0.536521
7123.54  0.128708  0.0882118 0.65955 0.561536
7123.64  0.133786  0.0863283 0.683491 0.58757
7123.73  0.138122  0.0844619 0.706517 0.612671
7123.83  0.142129  0.0817627 0.728304 0.637457
7123.92  0.146261  0.0782287 0.748527 0.661606
7124.02  0.15082  0.0748709 0.766896 0.683706
7124.11  0.155796  0.0697419 0.78327 0.705779
7124.21  0.161138  0.0644402 0.797545 0.725945
7124.3  0.1667  0.0590959 0.809615 0.743953
7124.4  0.172021  0.0542625 0.819378 0.759086
7124.49  0.176577  0.0481241 0.826727 0.773256
7124.59  0.179962  0.0432787 0.83156 0.783473
7124.68  0.182371  0.0380046 0.833872 0.791645
7124.78  0.184192  0.0343295 0.833965 0.795821
7124.87  0.185761  0.0308467 0.8322 0.797926
7124.97  0.187025  0.0277916 0.828938 0.798058
7125.06  0.187734  0.0255193 0.824538 0.796183
7125.16  0.187656  0.0243838 0.819362 0.792268
7125.25  0.186849  0.0237682 0.813769 0.78736
7125.35  0.185584  0.0239996 0.808108 0.781442
7125.44  0.184129  0.0254288 0.802673 0.774419
7125.54  0.182583  0.0264249 0.797747 0.768386
7125.63  0.180853  0.0289468 0.79361 0.761447
7125.73  0.178838  0.0325194 0.790544 0.754411
7125.82  0.176547  0.0355492 0.78883 0.749331
7125.92  0.174165  0.0400186 0.788751 0.744286
7126.01  0.171897  0.0444999 0.790573 0.741129
7126.11  0.169818  0.0489837 0.794422 0.739996
7126.21  0.167691  0.0534805 0.800329 0.740906
7126.3  0.165228  0.0590011 0.808324 0.742767
7126.4  0.162237  0.0637301 0.818438 0.747627
7126.49  0.158897  0.0694556 0.830702 0.753529
7126.59  0.155482  0.0745082 0.845146 0.762359
7126.68  0.152229  0.0797881 0.861801 0.773147
7126.78  0.149153  0.0851672 0.880642 0.786012
7126.87  0.146182  0.0905378 0.901513 0.800916
7126.97  0.143247  0.0958335 0.92424 0.817758
7127.06  0.140294  0.0998861 0.948647 0.837662
7127.16  0.137277  0.10454 0.974558 0.858403
7127.25  0.134149  0.108478 1.0018 0.881267
7127.35  0.130876  0.111621 1.03019 0.906171
7127.44  0.127428  0.113818 1.05957 0.9331
7127.54  0.123781  0.115695 1.08967 0.961121
7127.63  0.120034  0.117404 1.12019 0.989745
7127.73  0.116455  0.117107 1.15082 1.0207
7127.82  0.113319  0.116528 1.18122 1.05174
7127.92  0.110677  0.114605 1.21108 1.08374
7128.01  0.108129  0.11184 1.24008 1.11581
7128.11  0.105225  0.108279 1.2679 1.14759
7128.2  0.101701  0.104054 1.29423 1.17862
7128.3  0.0978643  0.0973671 1.31887 1.21069
7128.39  0.0941323  0.0907443 1.34172 1.24089
7128.49  0.0908564  0.0834031 1.36267 1.27
7128.58  0.0880765  0.0753789 1.38163 1.29787
7128.68  0.085739  0.0669858 1.39849 1.32406
7128.77  0.0837683  0.0584109 1.41317 1.34826
7128.87  0.0819208  0.0495935 1.42555 1.37044
7128.97  0.0798746  0.0403952 1.43554 1.39066
7129.06  0.0773436  0.0318608 1.44318 1.40778
7129.16  0.0745185  0.0240437 1.44864 1.42192
7129.25  0.0719253  0.0152668 1.4521 1.43513
7129.35  0.0700698  0.008423 1.45374 1.44439
7129.44  0.068782  0.00116754 1.45376 1.45247
7129.54  0.067183  -0.00563183 1.45234 1.45859
7129.63  0.0643716  -0.011791 1.44965 1.46275
7129.73  0.0601295  -0.0171424 1.44588 1.46493
7129.82  0.055308  -0.0214413 1.44121 1.46503
7129.92  0.0508505  -0.0255271 1.43579 1.46415
7130.01  0.0473739  -0.0283443 1.42976 1.46125
7130.11  0.044719  -0.0315312 1.42328 1.45831
7130.2  0.0426136  -0.0332535 1.41648 1.45343
7130.3  0.0407623  -0.0349645 1.40952 1.44837
7130.39  0.0387842  -0.0368273 1.40255 1.44347
7130.49  0.0362783  -0.0376325 1.39571 1.43753
7130.58  0.03295  -0.0381139 1.38915 1.43149
7130.68  0.0291308  -0.038335 1.38291 1.42551
7130.77  0.0253797  -0.0381837 1.37701 1.41943
7130.87  0.0221939  -0.0387365 1.37143 1.41447
7130.96  0.0194672  -0.0380981 1.36618 1.40852
7131.06  0.0167569  -0.0378858 1.36126 1.40336
7131.15  0.0136429  -0.0384321 1.35667 1.39937
7131.25  0.0101524  -0.03779 1.3524 1.39439
7131.34  0.00668645  -0.037701 1.34845 1.39034
7131.44  0.00365166  -0.0374004 1.34481 1.38637
7131.53  0.00123281  -0.0367626 1.34146 1.38231
7131.63  -0.000661643  -0.0367977 1.33835 1.37924
7131.73  -0.00214079  -0.0367367 1.33545 1.37626
7131.82  -0.00333774  -0.0364686 1.3327 1.37322
7131.92  -0.0044306  -0.0370261 1.33008 1.37122
7132.01  -0.00560233  -0.036645 1.32753 1.36825
7132.11  -0.00699047  -0.0370052 1.32503 1.36614
7132.2  -0.00860189  -0.0375259 1.32252 1.36422
7132.3  -0.0104201  -0.0371427 1.31999 1.36126
7132.39  -0.0123774  -0.0375648 1.31742 1.35915
7132.49  -0.0141741  -0.0381738 1.31482 1.35723
7132.58  -0.0154447  -0.0378428 1.3122 1.35424
7132.68  -0.0158861  -0.0383248 1.30956 1.35214
7132.77  -0.0156433  -0.0390038 1.30691 1.35025
7132.87  -0.0150588  -0.0386828 1.30426 1.34724
7132.96  -0.014469  -0.0392484 1.30161 1.34522
7133.06  -0.0141282  -0.0389491 1.29896 1.34224
7133.15  -0.0142357  -0.03947 1.29633 1.34019
7133.25  -0.0149729  -0.0392302 1.29373 1.33732
7133.34  -0.0161399  -0.0387397 1.29118 1.33423
7133.44  -0.0171575  -0.0391799 1.28869 1.33223
7133.53  -0.0174373  -0.0386553 1.28629 1.32924
7133.63  -0.0167877  -0.038904 1.28399 1.32721
7133.72  -0.0156047  -0.0382135 1.2818 1.32426
7133.82  -0.0143316  -0.038229 1.27975 1.32223
7133.91  -0.0132792  -0.0372708 1.27785 1.31926
7134.01  -0.0124611  -0.0369365 1.27613 1.31717
7134.1  -0.0118501  -0.0365542 1.27457 1.31519
7134.2  -0.0114194  -0.0360225 1.27317 1.3132
7134.29  -0.0111418  -0.0353521 1.27192 1.3112
7134.39  -0.0109903  -0.0345618 1.27079 1.30919
7134.48  -0.0109379  -0.0336627 1.26978 1.30719
7134.58  -0.0109575  -0.0326895 1.26888 1.3052
7134.68  -0.0110222  -0.0315757 1.26806 1.30315
7134.77  -0.0111048  -0.0313345 1.26732 1.30214
7134.87  -0.0111784  -0.0301813 1.26664 1.30018
7134.96  -0.0112256  -0.0297459 1.26601 1.29906
7135.06  -0.0112527  -0.0294662 1.26541 1.29815
7135.15  -0.0112698  -0.028236 1.26481 1.29618
7135.25  -0.0112869  -0.0277911 1.26419 1.29507
7135.34  -0.0113138  -0.0275678 1.26353 1.29416
7135.44  -0.0113606  -0.0264162 1.26281 1.29216
7135.53  -0.0114372  -0.0262005 1.262 1.29111
7135.63  -0.0115537  -0.0253404 1.26109 1.28925
7135.72  -0.0117199  -0.02439 1.26005 1.28715
7135.82  -0.0119459  -0.0245459 1.25886 1.28613
7135.91  -0.0122417  -0.0240445 1.25751 1.28422
7136.01  -0.0126145  -0.0235432 1.25602 1.28218
7136.1  -0.0130619  -0.0232777 1.2544 1.28027
7136.2  -0.0135791  -0.0221465 1.25268 1.27729
7136.29  -0.0141612  -0.0218648 1.25088 1.27517
7136.39  -0.0148037  -0.0218432 1.249 1.27327
7136.48  -0.0155016  -0.0208753 1.24706 1.27026
7136.58  -0.0162502  -0.0208509 1.24509 1.26826
7136.67  -0.0170448  -0.0199694 1.24309 1.26528
7136.77  -0.0178806  -0.0199328 1.2411 1.26325
7136.86  -0.0187528  -0.0190511 1.23911 1.26028
7136.96  -0.0196566  -0.018972 1.23714 1.25822
7137.05  -0.0205863  -0.0181542 1.23519 1.25536
7137.15  -0.0215325  -0.0171055 1.23327 1.25228
7137.24  -0.0224845  -0.0169114 1.23139 1.25018
7137.34  -0.023432  -0.0168407 1.22956 1.24827
7137.44  -0.0243643  -0.0157571 1.22777 1.24528
7137.53  -0.025271  -0.0154382 1.22605 1.2432
7137.63  -0.0261417  -0.0151559 1.22439 1.24123
7137.72  -0.0269657  -0.0147742 1.2228 1.23921
7137.82  -0.0277325  -0.014335 1.22129 1.23721
7137.91  -0.0284318  -0.0138192 1.21985 1.2352
7138.01  -0.0290529  -0.0132826 1.21848 1.23324
7138.1  -0.0295889  -0.0125788 1.21719 1.23116
7138.2  -0.0300486  -0.0127724 1.21596 1.23015
7138.29  -0.0304454  -0.0120643 1.21479 1.2282
7138.39  -0.0307926  -0.0120407 1.21369 1.22707
7138.48  -0.0311035  -0.0121785 1.21265 1.22618
7138.58  -0.0313915  -0.0112787 1.21166 1.2242
7138.67  -0.0316699  -0.0111185 1.21074 1.22309
7138.77  -0.031952  -0.0110272 1.20986 1.22211
7138.86  -0.0322511  -0.0108679 1.20904 1.22112
7138.96  -0.0325806  -0.0106541 1.20828 1.22011
7139.05  -0.0329538  -0.0104101 1.20756 1.21913
7139.15  -0.0333812  -0.0100352 1.20691 1.21806
7139.24  -0.0338593  -0.0105472 1.2063 1.21802
7139.34  -0.0343801  -0.0102636 1.20576 1.21716
7139.43  -0.0349357  -0.00970392 1.20527 1.21605
7139.53  -0.0355183  -0.0100961 1.20483 1.21605
7139.62  -0.0361198  -0.00956258 1.20445 1.21507
7139.72  -0.0367324  -0.00981673 1.20413 1.21503
7139.81  -0.0373482  -0.00921541 1.20386 1.2141
7139.91  -0.0379593  -0.00929888 1.20364 1.21397
7140  -0.0385578  -0.00947647 1.20348 1.21401
7140.1  -0.0391356  -0.00957489 1.20336 1.214
7140.2  -0.0396861  -0.00964218 1.20329 1.214
7140.29  -0.040211  -0.00966866 1.20326 1.214
7140.39  -0.0407158  -0.00965916 1.20327 1.214
7140.48  -0.0412063  -0.00961738 1.20332 1.214
7140.58  -0.041688  -0.00953718 1.2034 1.214
7140.67  -0.0421667  -0.00945251 1.20351 1.21402
7140.77  -0.0426481  -0.00924462 1.20366 1.21393
7140.86  -0.0431376  -0.00998746 1.20383 1.21492
7140.96  -0.0436411  -0.00985474 1.20401 1.21496
7141.05  -0.0441642  -0.0105547 1.20419 1.21592
7141.15  -0.0447125  -0.0104313 1.20437 1.21596
7141.24  -0.0452914  -0.0111353 1.20454 1.21691
7141.34  -0.0459041  -0.0110721 1.20468 1.21698
7141.43  -0.0465524  -0.0117399 1.20479 1.21783
7141.53  -0.0472383  -0.0126855 1.20486 1.21895
7141.62  -0.0479637  -0.0126724 1.20487 1.21895
7141.72  -0.0487306  -0.0135723 1.20483 1.21991
7141.81  -0.0495409  -0.0137359 1.20472 1.21998
7141.91  -0.0503965  -0.0146729 1.20453 1.22083
7142  -0.0512994  -0.0159339 1.20425 1.22195
7142.1  -0.0522514  -0.0162787 1.20386 1.22195
7142.19  -0.0532546  -0.0175885 1.20337 1.22291
7142.29  -0.0543096  -0.0181844 1.20276 1.22296
7142.38  -0.0554043  -0.0196975 1.20201 1.2239
7142.48  -0.05652  -0.0206147 1.20112 1.22403
7142.57  -0.0576378  -0.0215232 1.20008 1.22399
7142.67  -0.0587386  -0.0226164 1.19887 1.224
7142.76  -0.0598036  -0.0238611 1.19749 1.224
7142.86  -0.0608138  -0.0252564 1.19593 1.22399
7142.96  -0.0617503  -0.0268878 1.19417 1.22405
7143.05  -0.0625941  -0.0278407 1.19222 1.22316
7143.15  -0.0633264  -0.0287815 1.19009 1.22206
7143.24  -0.0639281  -0.0308396 1.18775 1.22202
7143.34  -0.0643826  -0.0324037 1.18521 1.22122
7143.43  -0.0646973  -0.0330693 1.18248 1.21922
7143.53  -0.0648945  -0.0346948 1.17954 1.21809
7143.62  -0.0649962  -0.0367194 1.17639 1.21719
7143.72  -0.065025  -0.0380251 1.17304 1.21529
7143.81  -0.0650029  -0.0393947 1.16947 1.21324
7143.91  -0.0649524  -0.0410506 1.16569 1.21131
7144  -0.0648958  -0.0420459 1.1617 1.20842
7144.1  -0.0648553  -0.0430215 1.15751 1.20531
7144.19  -0.0648532  -0.0452177 1.15313 1.20337
7144.29  -0.0649119  -0.0458781 1.14855 1.19953
7144.38  -0.0650524  -0.0472889 1.1438 1.19635
7144.48  -0.0652758  -0.0491056 1.13888 1.19344
7144.57  -0.0655651  -0.0501889 1.1338 1.18957
7144.67  -0.0659029  -0.051282 1.12856 1.18554
7144.76  -0.0662718  -0.0525087 1.12318 1.18153
7144.86  -0.0666543  -0.0539239 1.11766 1.17758
7144.95  -0.0670331  -0.054606 1.11201 1.17269
7145.05  -0.0673906  -0.0552405 1.10624 1.16762
7145.14  -0.0677095  -0.0568902 1.10036 1.16357
7145.24  -0.0679723  -0.0579737 1.09436 1.15877
7145.33  -0.0681616  -0.0580698 1.08825 1.15277
7145.43  -0.0682606  -0.0590222 1.08204 1.14762
7145.52  -0.0682658  -0.060328 1.07573 1.14276
7145.62  -0.0681868  -0.060777 1.06933 1.13686
7145.71  -0.0680332  -0.0611852 1.06284 1.13082
7145.81  -0.067815  -0.0617032 1.05626 1.12482
7145.91  -0.0675421  -0.0622773 1.0496 1.1188
7146  -0.0672243  -0.0629884 1.04287 1.11286
7146.1  -0.0668714  -0.0636884 1.03606 1.10683
7146.19  -0.0664934  -0.0645393 1.0292 1.10091
7146.29  -0.0661001  -0.0644761 1.02228 1.09392
7146.38  -0.0657014  -0.0652515 1.01533 1.08783
7146.48  -0.0653068  -0.0654267 1.00836 1.08105
7146.57  -0.0649204  -0.0652885 1.00138 1.07392
7146.67  -0.0645402  -0.0661202 0.994413 1.06788
7146.76  -0.0641639  -0.0661756 0.98747 1.061
7146.86  -0.0637892  -0.0660623 0.980565 1.05397
7146.95  -0.063414  -0.0659087 0.973714 1.04695
7147.05  -0.0630359  -0.0665742 0.96693 1.0409
7147.14  -0.0626528  -0.0664153 0.960228 1.03402
7147.24  -0.0622623  -0.0660308 0.953624 1.02699
7147.33  -0.0618623  -0.0655591 0.947126 1.01997
7147.43  -0.0614505  -0.0658578 0.94074 1.01392
7147.52  -0.0610247  -0.0653408 0.93447 1.00707
7147.62  -0.0605845  -0.0644493 0.928319 0.99993
7147.71  -0.0601317  -0.0644458 0.922292 0.993898
7147.81  -0.0596679  -0.0635677 0.916392 0.987023
7147.9  -0.059195  -0.0632193 0.910623 0.980867
7148  -0.0587148  -0.0629122 0.904991 0.974893
7148.09  -0.0582291  -0.0624407 0.899497 0.968876
7148.19  -0.0577396  -0.0618373 0.894147 0.962856
7148.28  -0.0572481  -0.0611866 0.888945 0.95693
7148.38  -0.0567564  -0.0602445 0.883894 0.950832
7148.47  -0.0562663  -0.0601169 0.878995 0.945792
7148.57  -0.0557796  -0.0590621 0.874242 0.939867
7148.67  -0.0552969  -0.0585375 0.869628 0.93467
7148.76  -0.0548173  -0.0582503 0.865146 0.929869
7148.86  -0.0543395  -0.0567168 0.860791 0.923809
7148.95  -0.0538624  -0.0567481 0.856554 0.919607
7149.05  -0.0533849  -0.0561156 0.852429 0.91478
7149.14  -0.0529056  -0.0551996 0.84841 0.909743
7149.24  -0.0524235  -0.054188 0.84449 0.904699
7149.33  -0.0519373  -0.0540035 0.840662 0.900666
7149.43  -0.0514459  -0.0529399 0.836919 0.895741
7149.52  -0.0509481  -0.0524678 0.833255 0.891552
7149.62  -0.0504428  -0.0522077 0.829664 0.887672
7149.71  -0.0499305  -0.0509424 0.826143 0.882746
7149.81  -0.0494151  -0.0503114 0.822693 0.878595
7149.9  -0.048901  -0.0497809 0.819312 0.874624
7150  -0.0483922  -0.0491498 0.815999 0.87061
7150.09  -0.047893  -0.0484575 0.812753 0.866595
7150.19  -0.0474076  -0.0477698 0.809574 0.862652
7150.28  -0.0469401  -0.0468881 0.806461 0.858559
7150.38  -0.0464949  -0.0468738 0.803412 0.855494
7150.47  -0.0460761  -0.0461175 0.800428 0.851669
7150.57  -0.0456878  -0.045013 0.797506 0.847521
7150.66  -0.0453344  -0.0449013 0.794647 0.844537
7150.76  -0.0450144  -0.0438684 0.791848 0.840591
7150.85  -0.0447157  -0.0435603 0.789111 0.837511
7150.95  -0.0444251  -0.042454 0.786433 0.833605
7151.04  -0.0441291  -0.0419309 0.783816 0.830406
7151.14  -0.0438144  -0.0416809 0.781258 0.82757
7151.23  -0.0434677  -0.040364 0.778759 0.823608
7151.33  -0.0430758  -0.0397129 0.77632 0.820445
7151.43  -0.0426252  -0.0391887 0.773938 0.817481
7151.52  -0.0421026  -0.0385626 0.771615 0.814462
7151.62  -0.0414946  -0.0379264 0.769349 0.811489
7151.71  -0.0407881  -0.0372129 0.767141 0.808488
7151.81  -0.0399784  -0.0364433 0.764989 0.805482
7151.9  -0.0390794  -0.0356243 0.762895 0.802477
7152  -0.0381071  -0.0347531 0.760856 0.799471
7152.09  -0.037078  -0.0338519 0.758874 0.796488
7152.19  -0.0360081  -0.0329092 0.75695 0.793516
7152.28  -0.0349137  -0.0317894 0.755083 0.790405
7152.38  -0.033811  -0.0315913 0.753275 0.788377
7152.47  -0.0327163  -0.0305105 0.751527 0.785427
7152.57  -0.0316458  -0.030188 0.749838 0.78338
7152.66  -0.0306156  -0.0290179 0.74821 0.780452
7152.76  -0.029642  -0.0285578 0.746642 0.778373
7152.85  -0.0287356  -0.0272753 0.745137 0.775443
7152.95  -0.0278898  -0.0266973 0.743694 0.773358
7153.04  -0.0270943  -0.0253477 0.742315 0.770479
7153.14  -0.0263388  -0.0245699 0.740999 0.768299
7153.23  -0.0256132  -0.0239337 0.739748 0.766341
7153.33  -0.0249071  -0.0231878 0.738561 0.764326
7153.42  -0.0242103  -0.0223938 0.737441 0.762323
7153.52  -0.0235126  -0.021556 0.736388 0.760339
7153.61  -0.0228038  -0.0206433 0.735402 0.758338
7153.71  -0.0220736  -0.019667 0.734484 0.756336
7153.8  -0.0213118  -0.0186218 0.733635 0.754326
7153.9  -0.0205112  -0.0175433 0.732855 0.752348
7153.99  -0.019675  -0.0162989 0.732146 0.750256
7154.09  -0.0188086  -0.0159471 0.731509 0.749228
7154.18  -0.0179177  -0.0147125 0.730943 0.74729
7154.28  -0.0170077  -0.014181 0.73045 0.746207
7154.38  -0.0160841  -0.0128529 0.730031 0.744312
7154.47  -0.0151525  -0.0120844 0.729685 0.743112
7154.57  -0.0142184  -0.0115635 0.729414 0.742262
7154.66  -0.0132872  -0.00998021 0.729215 0.740304
7154.76  -0.0123645  -0.00904132 0.729089 0.739135
7154.85  -0.0114559  -0.00822894 0.729033 0.738177
7154.95  -0.0105646  -0.00730558 0.729049 0.737166
7155.04  -0.00968608  -0.00635605 0.729134 0.736196
7155.14  -0.00881349  -0.00522648 0.729287 0.735095
7155.23  -0.00794016  -0.00496744 0.729509 0.735028
7155.33  -0.00705939  -0.00398471 0.729798 0.734225
7155.42  -0.00616447  -0.00263342 0.730153 0.733079
7155.52  -0.0052487  -0.00223839 0.730573 0.73306
7155.61  -0.00430537  -0.000960224 0.731058 0.732125
7155.71  -0.00332777  -0.000391142 0.731607 0.732041
7155.8  -0.00230921  0.000964848 0.732219 0.731146
7155.9  -0.00124296  0.001739 0.732892 0.73096
7155.99  -0.000124203  0.00235485 0.733627 0.731011
7156.09  0.00104099  0.00308266 0.734422 0.730997
7156.18  0.00224254  0.00384857 0.735277 0.731001
7156.28  0.0034704  0.00467196 0.73619 0.730999
7156.37  0.0047145  0.00554382 0.737162 0.731002
7156.47  0.00596478  0.00647619 0.73819 0.730994
7156.56  0.00721116  0.00742571 0.739274 0.731023
7156.66  0.00844359  0.00854816 0.740413 0.730915
7156.75  0.009652  0.00875701 0.741607 0.731877
7156.85  0.0108263  0.00981422 0.742854 0.731949
7156.94  0.0119565  0.0101579 0.744154 0.732867
7157.04  0.0130341  0.011296 0.745505 0.732954
7157.14  0.0140612  0.0117389 0.746907 0.733864
7157.23  0.0150442  0.0129451 0.748358 0.733974
7157.33  0.0159894  0.0135668 0.749855 0.734781
7157.42  0.0169032  0.014032 0.751398 0.735807
7157.52  0.0177918  0.0144781 0.752985 0.736898
7157.61  0.0186617  0.0158818 0.754614 0.736967
7157.71  0.0195192  0.0166557 0.756283 0.737777
7157.8  0.0203706  0.0172554 0.757991 0.738818
7157.9  0.0212223  0.0179109 0.759737 0.739836
7157.99  0.0220807  0.0187035 0.761518 0.740736
7158.09  0.0229511  0.0185916 0.763333 0.742676
7158.18  0.023832  0.0192013 0.765181 0.743846
7158.28  0.0247191  0.0200123 0.76706 0.744824
7158.37  0.0256078  0.0209079 0.768967 0.745736
7158.47  0.0264938  0.0209186 0.770903 0.74766
7158.56  0.0273725  0.0215865 0.772865 0.74888
7158.66  0.0282395  0.0226271 0.774852 0.749711
7158.75  0.0290903  0.0226683 0.776863 0.751676
7158.85  0.0299205  0.0234939 0.778896 0.752792
7158.94  0.0307256  0.0237443 0.78095 0.754567
7159.04  0.0315012  0.0236678 0.783023 0.756725
7159.13  0.0322434  0.0246029 0.785114 0.757777
7159.23  0.0329533  0.0248976 0.787221 0.759557
7159.32  0.0336344  0.0248639 0.789344 0.761717
7159.42  0.0342902  0.0258362 0.79148 0.762773
7159.51  0.0349243  0.0261267 0.793629 0.764599
7159.61  0.0355401  0.026267 0.795789 0.766603
7159.7  0.0361411  0.0263352 0.797958 0.768697
7159.8  0.0367308  0.0273235 0.800135 0.769776
7159.9  0.0373128  0.0276625 0.802319 0.771583
7159.99  0.0378906  0.027782 0.804508 0.773639
7160.09  0.0384676  0.0279814 0.8067 0.775609
7160.18  0.0390473  0.0281534 0.808894 0.777612
7160.28  0.039633  0.0283253 0.811089 0.779616
7160.37  0.0402278  0.028497 0.813283 0.781619
7160.47  0.0408347  0.028664 0.815474 0.783625
7160.56  0.0414569  0.0288468 0.817661 0.785609
7160.66  0.0420973  0.0290111 0.819843 0.787608
7160.75  0.0427591  0.0291642 0.822018 0.789613
7160.85  0.0434454  0.0293115 0.824184 0.791616
7160.94  0.0441592  0.029447 0.826341 0.793622
7161.04  0.0449036  0.029592 0.828486 0.795606
7161.13  0.0456817  0.0297125 0.830619 0.797605
7161.23  0.0464959  0.0298165 0.832739 0.79961
7161.32  0.0473379  0.0299104 0.834846 0.801613
7161.42  0.0481915  0.0299887 0.836939 0.803618
7161.51  0.0490404  0.0300732 0.839017 0.805603
7161.61  0.049868  0.0301301 0.84108 0.807602
7161.7  0.0506579  0.0301674 0.843126 0.809607
7161.8  0.0513938  0.0301913 0.845155 0.811609
7161.89  0.0520591  0.0301965 0.847167 0.813615
7161.99  0.0526375  0.0302046 0.84916 0.815599
7162.08  0.0531125  0.0301821 0.851134 0.817599
7162.18  0.0534676  0.0301367 0.853089 0.819603
7162.27  0.0536877  0.0300749 0.855023 0.821606
7162.37  0.0537782  0.0299911 0.856935 0.823612
7162.46  0.0537615  0.0299077 0.858827 0.825596
7162.56  0.0536606  0.0297909 0.860697 0.827596
7162.65  0.0534985  0.0296517 0.862545 0.829598
7162.75  0.0532983  0.0294859 0.864371 0.831609
7162.85  0.0530828  0.0293306 0.866175 0.833586
7162.94  0.0528751  0.0290483 0.867957 0.835682
7163.04  0.0526983  0.0296609 0.869717 0.836761
7163.13  0.0525753  0.0296114 0.871454 0.838553
7163.23  0.052529  0.0292968 0.873169 0.840617
7163.32  0.0525815  0.0290534 0.874861 0.842579
7163.42  0.0527334  0.0286647 0.87653 0.84468
7163.51  0.0529661  0.029177 0.878176 0.845757
7163.61  0.0532603  0.029017 0.879798 0.847557
7163.7  0.0535969  0.0286309 0.881397 0.849585
7163.8  0.0539566  0.0281613 0.882973 0.851683
7163.89  0.0543201  0.0285844 0.884526 0.852765
7163.99  0.0546682  0.0283845 0.886055 0.854517
7164.08  0.0549816  0.0277799 0.887562 0.856696
7164.18  0.0552411  0.0281804 0.889047 0.857735
7164.27  0.0554273  0.0277814 0.890509 0.859641
7164.37  0.0555216  0.028058 0.89195 0.860774
7164.46  0.05552  0.0277726 0.893369 0.86251
7164.56  0.0554386  0.0270654 0.894766 0.864694
7164.65  0.0552944  0.0273676 0.896143 0.865734
7164.75  0.0551048  0.0268834 0.897498 0.867628
7164.84  0.054887  0.0270776 0.898833 0.868746
7164.94  0.0546581  0.0265956 0.900147 0.870596
7165.03  0.0544354  0.0266196 0.901441 0.871864
7165.13  0.0542361  0.027024 0.902715 0.872689
7165.22  0.0540774  0.0264001 0.90397 0.874637
7165.32  0.0539766  0.0265178 0.905206 0.875741
7165.41  0.0539505  0.0259455 0.906423 0.877594
7165.51  0.0540023  0.025885 0.907621 0.87886
7165.61  0.0541156  0.026197 0.908802 0.879695
7165.7  0.0542724  0.0255269 0.909966 0.881603
7165.8  0.0544548  0.0254343 0.911113 0.882853
7165.89  0.0546449  0.0257019 0.912243 0.883686
7165.99  0.0548247  0.0249689 0.913358 0.885614
7166.08  0.0549764  0.0248581 0.914457 0.886836
7166.18  0.0550819  0.0249982 0.91554 0.887765
7166.27  0.0551235  0.0250193 0.91661 0.88881
7166.37  0.0550831  0.0251732 0.917664 0.889694
7166.46  0.0549431  0.0243871 0.918706 0.891609
7166.56  0.0546994  0.0242098 0.919734 0.892834
7166.65  0.0543692  0.0242799 0.920749 0.893771
7166.75  0.0539715  0.024276 0.921751 0.894778
7166.84  0.0535253  0.0242414 0.922742 0.895807
7166.94  0.0530497  0.024323 0.923721 0.896695
7167.03  0.0525635  0.0234709 0.924688 0.89861
7167.13  0.0520859  0.0232362 0.925645 0.899827
7167.22  0.0516357  0.0232424 0.926592 0.900767
7167.32  0.0512321  0.0231689 0.927529 0.901785
7167.41  0.0508939  0.0231059 0.928456 0.902782
7167.51  0.05064  0.0230283 0.929374 0.903787
7167.6  0.0504766  0.0229539 0.930283 0.904778
7167.7  0.0503882  0.0228653 0.931184 0.905778
7167.79  0.0503572  0.0227669 0.932077 0.90678
7167.89  0.0503662  0.0226628 0.932963 0.907782
7167.98  0.0503976  0.0225509 0.933841 0.908785
7168.08  0.0504338  0.0224426 0.934713 0.909777
7168.17  0.0504575  0.0223221 0.935579 0.910776
7168.27  0.050451  0.0221931 0.936438 0.911779
7168.37  0.0503968  0.0220598 0.937291 0.91278
7168.46  0.0502775  0.02192 0.938138 0.913783
7168.56  0.0500755  0.0217841 0.93898 0.914776
7168.65  0.0497823  0.0216398 0.939817 0.915773
7168.75  0.0494121  0.0214786 0.940649 0.916784
7168.84  0.0489823  0.0213492 0.941476 0.917754
7168.94  0.0485105  0.0210839 0.942298 0.918871
7169.03  0.0480141  0.0217364 0.943116 0.918964
7169.13  0.0475107  0.0217839 0.94393 0.919725
7169.22  0.0470176  0.0215567 0.94474 0.920788
7169.32  0.0465525  0.0213957 0.945546 0.921773
7169.41  0.0461327  0.0212122 0.94635 0.922781
7169.51  0.0457759  0.0210396 0.94715 0.923772
7169.6  0.0454995  0.0208593 0.947947 0.92477
7169.7  0.0453137  0.0206642 0.948741 0.92578
7169.79  0.0452089  0.0205029 0.949532 0.926751
7169.89  0.0451723  0.0202062 0.95032 0.927869
7169.98  0.045191  0.0208272 0.951106 0.927964
7170.08  0.0452521  0.0208507 0.951889 0.928721
7170.17  0.0453426  0.0205955 0.952669 0.929785
7170.27  0.0454498  0.0204113 0.953448 0.930768
7170.36  0.0455607  0.0201954 0.954223 0.931784
7170.46  0.0456623  0.0200284 0.954997 0.932743
7170.55  0.0457419  0.019716 0.955768 0.933862
7170.65  0.0457865  0.0203154 0.956538 0.933965
7170.74  0.0457866  0.020324 0.957305 0.934723
7170.84  0.0457424  0.0200545 0.958071 0.935788
7170.93  0.0456563  0.0198658 0.958835 0.936762
7171.03  0.0455303  0.0196406 0.959597 0.937774
7171.13  0.0453667  0.0194525 0.960357 0.938744
7171.22  0.0451676  0.0191275 0.961116 0.939863
7171.32  0.0449353  0.0197163 0.961873 0.939966
7171.41  0.044672  0.0197218 0.962629 0.940716
7171.51  0.0443799  0.0194455 0.963382 0.941776
7171.6  0.0440611  0.0192278 0.964135 0.94277
7171.7  0.0437179  0.0190264 0.964885 0.943745
7171.79  0.0433526  0.018694 0.965634 0.944863
7171.89  0.0429685  0.019275 0.966382 0.944965
7171.98  0.042569  0.0192745 0.967128 0.945712
7172.08  0.0421577  0.0189779 0.967872 0.946786
7172.17  0.041738  0.0187888 0.968615 0.947739
7172.27  0.0413133  0.018444 0.969357 0.948863
7172.36  0.0408872  0.0190191 0.970097 0.948964
7172.46  0.0404631  0.0190109 0.970835 0.949712
7172.55  0.0400445  0.0187171 0.971572 0.950775
7172.65  0.0396348  0.0184855 0.972308 0.951769
7172.74  0.0392376  0.0182681 0.973042 0.952744
7172.84  0.0388554  0.017926 0.973775 0.953857
7172.93  0.038486  0.0184865 0.974506 0.953965
7173.03  0.038126  0.0184731 0.975235 0.954709
7173.12  0.0377718  0.01816 0.975963 0.955785
7173.22  0.0374198  0.0179653 0.976689 0.956728
7173.31  0.0370664  0.0176043 0.977414 0.957853
7173.41  0.0367082  0.0181535 0.978136 0.957966
7173.5  0.0363415  0.0181351 0.978857 0.958707
7173.6  0.0359629  0.0178136 0.979577 0.959784
7173.69  0.0355687  0.0176114 0.980294 0.960726
7173.79  0.0351555  0.0172421 0.98101 0.961852
7173.88  0.0347203  0.017782 0.981724 0.961966
7173.98  0.0342645  0.0177572 0.982435 0.962705
7174.08  0.0337908  0.0174269 0.983145 0.963782
7174.17  0.0333019  0.0172164 0.983853 0.964724
7174.27  0.0328006  0.016838 0.984559 0.965851
7174.36  0.0322894  0.0173676 0.985263 0.965966
7174.46  0.0317712  0.0173355 0.985965 0.966703
7174.55  0.0312486  0.0169952 0.986664 0.967781
7174.65  0.0307244  0.0167753 0.987361 0.968722
7174.74  0.0302012  0.0163858 0.988056 0.96985
7174.84  0.0296817  0.0169066 0.988749 0.969964
7174.93  0.0291685  0.0168558 0.989439 0.97071
7175.03  0.0286625  0.0165414 0.990126 0.971747
7175.12  0.0281639  0.016169 0.990811 0.972845
7175.22  0.0276732  0.016674 0.991493 0.972966
7175.31  0.0271907  0.0166277 0.992173 0.973697
7175.41  0.0267168  0.016267 0.992849 0.974775
7175.5  0.0262519  0.0160165 0.993523 0.975727
7175.6  0.0257962  0.0156104 0.994194 0.976849
7175.69  0.0253502  0.0161098 0.994863 0.976963
7175.79  0.0249141  0.0160412 0.995528 0.977704
7175.88  0.0244884  0.0157048 0.99619 0.978741
7175.98  0.024073  0.0153026 0.99685 0.979847
7176.07  0.0236646  0.0157878 0.997506 0.979964
7176.17  0.0232585  0.0157139 0.99816 0.9807
7176.26  0.0228504  0.0153656 0.99881 0.981737
7176.36  0.0224356  0.0149522 0.999458 0.982844
7176.45  0.0220095  0.015422 1.0001 0.982966
7176.55  0.0215675  0.0153406 1.00074 0.983698
7176.64  0.0211052  0.0149828 1.00138 0.984733
7176.74  0.0206179  0.0145565 1.00202 0.985842
7176.84  0.0201011  0.0150143 1.00265 0.985965
7176.93  0.0195502  0.0149134 1.00328 0.986705
7177.03  0.0189615  0.0145511 1.0039 0.987733
7177.12  0.0183407  0.0141159 1.00452 0.988838
7177.22  0.017699  0.014558 1.00514 0.988965
7177.31  0.0170477  0.0144508 1.00576 0.9897
7177.41  0.0163983  0.0140667 1.00637 0.990739
7177.5  0.0157622  0.0136243 1.00698 0.991839
7177.6  0.0151506  0.0140566 1.00758 0.991964
7177.69  0.014575  0.0139407 1.00819 0.992696
7177.79  0.0140467  0.0135451 1.00879 0.993735
7177.88  0.0135771  0.0130882 1.00938 0.994839
7177.98  0.0131776  0.0135008 1.00997 0.994974
7178.07  0.0128584  0.013416 1.01056 0.995658
7178.17  0.012615  0.0128663 1.01115 0.996856
7178.26  0.0124333  0.0132987 1.01174 0.99696
7178.36  0.0122993  0.0131554 1.01232 0.9977
7178.45  0.0121986  0.0127507 1.0129 0.998728
7178.55  0.0121169  0.0122753 1.01347 0.999832
7178.64  0.0120401  0.0126619 1.01404 0.999974
7178.74  0.011954  0.012556 1.01461 1.00066
7178.83  0.0118442  0.0119913 1.01518 1.00185
7178.93  0.0116966  0.0123958 1.01574 1.00197
7179.02  0.0114968  0.0122821 1.0163 1.00266
7179.12  0.0112317  0.0117056 1.01686 1.00385
7179.21  0.0109012  0.0121082 1.01741 1.00396
7179.31  0.0105145  0.0119416 1.01796 1.0047
7179.4  0.0100814  0.011509 1.01851 1.00572
7179.5  0.00961138  0.0110061 1.01906 1.00683
7179.6  0.00911419  0.0113625 1.0196 1.00697
7179.69  0.00859941  0.0112331 1.02014 1.00766
7179.79  0.00807667  0.0106391 1.02067 1.00885
7179.88  0.00755558  0.0110134 1.02121 1.00897
7179.98  0.00704577  0.0108749 1.02174 1.00965
7180.07  0.00655687  0.0102715 1.02226 1.01085
7180.17  0.00609829  0.0106332 1.02278 1.01097
7180.26  0.00567436  0.0104795 1.0233 1.01166
7180.36  0.00528408  0.00987449 1.02382 1.01285
7180.45  0.00492621  0.0102273 1.02433 1.01297
7180.55  0.00459951  0.0100708 1.02484 1.01365
7180.64  0.00430273  0.00945033 1.02535 1.01485
7180.74  0.00403465  0.0097925 1.02585 1.01497
7180.83  0.00379401  0.00963335 1.02635 1.01565
7180.93  0.00357957  0.00900335 1.02685 1.01684
7181.02  0.00339009  0.00933377 1.02734 1.01697
7181.12  0.00322434  0.00916028 1.02783 1.01765
7181.21  0.00308096  0.0085217 1.02832 1.01885
7181.31  0.00295544  0.0088467 1.0288 1.01897
7181.4  0.00283968  0.00867218 1.02928 1.01964
7181.5  0.00272539  0.00801177 1.02976 1.02085
7181.59  0.00260428  0.00836236 1.03023 1.02094
7181.69  0.00246805  0.00802944 1.0307 1.02178
7181.78  0.0023084  0.00825666 1.03116 1.02199
7181.88  0.00211706  0.0080882 1.03163 1.02264
7181.97  0.00188572  0.00741639 1.03208 1.02384
7182.07  0.00160608  0.00771126 1.03254 1.02397
7182.16  0.00126986  0.00751903 1.03299 1.02464
7182.26  0.000869096  0.00683258 1.03344 1.02585
7182.35  0.000407565  0.00715199 1.03388 1.02594
7182.45  -9.64212e-005  0.00679987 1.03432 1.02677
7182.55  -0.000623649  0.00699258 1.03476 1.02699
7182.64  -0.00115491  0.00680521 1.03519 1.02763
7182.74  -0.00167097  0.00610509 1.03562 1.02884
7182.83  -0.00215264  0.00636836 1.03605 1.02897
7182.93  -0.0025807  0.00614526 1.03647 1.02964
7183.02  -0.00293592  0.00542942 1.03688 1.03085
7183.12  -0.00319911  0.00572699 1.0373 1.03093
7183.21  -0.00335103  0.00534057 1.0377 1.03177
7183.31  -0.00337291  0.00553696 1.03811 1.03196
7183.4  -0.00326362  0.00517419 1.03851 1.03276
7183.5  -0.00304597  0.00531942 1.0389 1.03299
7183.59  -0.00274446  0.00510333 1.03929 1.03362
7183.69  -0.00238357  0.00435204 1.03968 1.03485
7183.78  -0.00198779  0.00461657 1.04006 1.03493
7183.88  -0.00158162  0.00420109 1.04044 1.03577
7183.97  -0.00118956  0.00437219 1.04081 1.03596
7184.07  -0.000836084  0.00397641 1.04118 1.03676
7184.16  -0.000545694  0.00412838 1.04154 1.03696
7184.26  -0.000342881  0.00373402 1.0419 1.03775
7184.35  -0.000252036  0.00383767 1.04226 1.03799
7184.45  -0.000285073  0.00357721 1.0426 1.03863
7184.54  -0.000429468  0.00279198 1.04295 1.03985
7184.64  -0.000669864  0.00301869 1.04329 1.03993
7184.73  -0.000990903  0.00256676 1.04362 1.04077
7184.83  -0.00137723  0.00269447 1.04395 1.04095
7184.92  -0.00181348  0.00225458 1.04427 1.04177
7185.02  -0.00228431  0.00236966 1.04459 1.04196
7185.11  -0.00277435  0.00192766 1.0449 1.04276
7185.21  -0.00326824  0.00202573 1.04521 1.04296
7185.31  -0.00375064  0.00157187 1.04551 1.04376
7185.4  -0.00420619  0.00166205 1.0458 1.04396
7185.5  -0.00462357  0.00120275 1.04609 1.04476
7185.59  -0.00499996  0.00128151 1.04638 1.04496
7185.69  -0.00533371  0.000810694 1.04666 1.04576
7185.78  -0.0056231  0.000878727 1.04693 1.04596
7185.88  -0.00586647  0.000398652 1.0472 1.04676
7185.97  -0.00606213  0.000449366 1.04747 1.04697
7186.07  -0.0062084  5.33647e-006 1.04772 1.04772
7186.16  -0.00630359  -0.00010874 1.04798 1.0481
7186.26  -0.00634601  0.000315194 1.04822 1.04787
7186.35  -0.00633398  -0.000286379 1.04846 1.04878
7186.45  -0.00626584  -0.000225476 1.0487 1.04895
7186.54  -0.00614444  -0.000739282 1.04893 1.04975
7186.64  -0.00598325  -0.000729577 1.04916 1.04997
7186.73  -0.00579729  -0.00120972 1.04938 1.05072
7186.83  -0.00560158  -0.00135597 1.04959 1.0511
7186.92  -0.00541111  -0.000964761 1.0498 1.05087
7187.02  -0.00524092  -0.00159348 1.05 1.05177
7187.11  -0.005106  -0.00158549 1.0502 1.05196
7187.21  -0.00502137  -0.00209548 1.05039 1.05272
7187.3  -0.00500204  -0.00226368 1.05058 1.05309
7187.4  -0.00506302  -0.00190717 1.05076 1.05288
7187.49  -0.00521931  -0.00251932 1.05094 1.05374
7187.59  -0.00547737  -0.0026835 1.05111 1.05409
7187.68  -0.00582158  -0.00234894 1.05127 1.05388
7187.78  -0.00623284  -0.00297604 1.05143 1.05474
7187.87  -0.00669201  -0.00315221 1.05159 1.05509
7187.97  -0.00717999  -0.00282902 1.05174 1.05488
7188.07  -0.00767763  -0.00346684 1.05188 1.05573
7188.16  -0.00816583  -0.00365962 1.05202 1.05609
7188.26  -0.00862545  -0.00335465 1.05216 1.05588
7188.35  -0.00903739  -0.0040023 1.05229 1.05673
7188.45  -0.0093825  -0.0042117 1.05241 1.05709
7188.54  -0.00964169  -0.00391814 1.05253 1.05688
7188.64  -0.00980148  -0.00458316 1.05264 1.05773
7188.73  -0.00987039  -0.00480488 1.05275 1.05809
7188.83  -0.00986231  -0.00452017 1.05285 1.05788
7188.92  -0.00979108  -0.00520697 1.05295 1.05874
7189.02  -0.00967057  -0.0054075 1.05305 1.05906
7189.11  -0.00951465  -0.00528713 1.05314 1.05901
7189.21  -0.00933717  -0.0051139 1.05322 1.0589
7189.3  -0.009152  -0.00579025 1.0533 1.05973
7189.4  -0.008973  -0.00601499 1.05337 1.06006
7189.49  -0.00881404  -0.00591086 1.05344 1.06001
7189.59  -0.00868898  -0.00575337 1.05351 1.0599
7189.68  -0.00860893  -0.00645152 1.05357 1.06074
7189.78  -0.00857328  -0.00669165 1.05362 1.06106
7189.87  -0.00857824  -0.00660234 1.05367 1.06101
7189.97  -0.00862004  -0.00646233 1.05372 1.0609
7190.06  -0.00869491  -0.0071716 1.05376 1.06173
7190.16  -0.00879906  -0.00744061 1.0538 1.06207
7190.25  -0.00892873  -0.0073284 1.05383 1.06197
7190.35  -0.00908013  -0.00735536 1.05386 1.06203
7190.44  -0.00924949  -0.00720986 1.05388 1.06189
7190.54  -0.00943304  -0.00794473 1.0539 1.06273
7190.63  -0.00962699  -0.0082334 1.05392 1.06307
7190.73  -0.00982782  -0.00814974 1.05393 1.06298
7190.82  -0.0100332  -0.00815573 1.05394 1.063
7190.92  -0.010241  -0.00817971 1.05394 1.06303
7191.02  -0.0104494  -0.00806575 1.05394 1.0629
7191.11  -0.0106562  -0.00881377 1.05393 1.06372
7191.21  -0.0108595  -0.00913172 1.05392 1.06407
7191.3  -0.0110573  -0.00906874 1.05391 1.06398
7191.4  -0.0112475  -0.00910739 1.05389 1.06401
7191.49  -0.0114281  -0.00911344 1.05387 1.06399
7191.59  -0.0115971  -0.0091707 1.05384 1.06403
7191.68  -0.0117526  -0.00907718 1.05381 1.06389
7191.78  -0.0118935  -0.0098514 1.05378 1.06472
7191.87  -0.0120248  -0.0101957 1.05374 1.06507
7191.97  -0.0121533  -0.0101573 1.0537 1.06498
7192.06  -0.0122856  -0.0102183 1.05365 1.065
7192.16  -0.0124286  -0.0102567 1.0536 1.065
7192.25  -0.012589  -0.0103056 1.05355 1.065
7192.35  -0.0127735  -0.0103559 1.05349 1.065
7192.44  -0.012989  -0.0104102 1.05343 1.065
7192.54  -0.0132422  -0.0104669 1.05337 1.065
7192.63  -0.0135398  -0.0105299 1.0533 1.065
7192.73  -0.0138887  -0.0105853 1.05323 1.06499
7192.82  -0.0142939  -0.0106841 1.05316 1.06503
7192.92  -0.0147468  -0.0106368 1.05308 1.0649
7193.01  -0.0152326  -0.0114476 1.053 1.06572
7193.11  -0.0157361  -0.0118408 1.05291 1.06607
7193.2  -0.0162423  -0.0118442 1.05282 1.06598
7193.3  -0.016736  -0.0119479 1.05273 1.066
7193.39  -0.0172023  -0.0120289 1.05263 1.066
7193.49  -0.0176261  -0.0121199 1.05253 1.066
7193.58  -0.0179923  -0.0122123 1.05243 1.066
7193.68  -0.0182858  -0.0123082 1.05232 1.066
7193.78  -0.0184915  -0.0124072 1.05221 1.066
7193.87  -0.0185967  -0.0125092 1.0521 1.066
7193.97  -0.0186089  -0.0126143 1.05198 1.066
7194.06  -0.0185464  -0.0127225 1.05186 1.066
7194.16  -0.0184277  -0.0128338 1.05174 1.066
7194.25  -0.018271  -0.0129479 1.05161 1.066
7194.35  -0.0180949  -0.0130658 1.05148 1.066
7194.44  -0.0179178  -0.0131838 1.05135 1.066
7194.54  -0.017758  -0.0133158 1.05121 1.06601
7194.63  -0.0176341  -0.0134098 1.05107 1.06597
7194.73  -0.0175643  -0.0136592 1.05093 1.06611
7194.82  -0.0175671  -0.0130541 1.05078 1.06529
7194.92  -0.0176592  -0.0128685 1.05063 1.06493
7195.01  -0.0178388  -0.0130866 1.05048 1.06502
7195.11  -0.018094  -0.0132063 1.05032 1.065
7195.2  -0.0184123  -0.0133558 1.05016 1.065
7195.3  -0.0187815  -0.013501 1.05 1.065
7195.39  -0.0191893  -0.013651 1.04983 1.065
7195.49  -0.0196234  -0.0138034 1.04966 1.065
7195.58  -0.0200716  -0.0139598 1.04949 1.065
7195.68  -0.0205215  -0.0141165 1.04931 1.065
7195.77  -0.020961  -0.0142875 1.04913 1.06501
7195.87  -0.0213776  -0.0144207 1.04895 1.06497
7195.96  -0.0217597  -0.0147117 1.04876 1.06511
7196.06  -0.0221038  -0.014155 1.04857 1.06429
7196.15  -0.0224138  -0.0140043 1.04837 1.06393
7196.25  -0.0226935  -0.0142648 1.04817 1.06402
7196.34  -0.0229469  -0.0144296 1.04796 1.064
7196.44  -0.023178  -0.014623 1.04775 1.064
7196.54  -0.0233906  -0.0148243 1.04754 1.06401
7196.63  -0.0235889  -0.0149916 1.04731 1.06397
7196.73  -0.0237766  -0.015314 1.04709 1.0641
7196.82  -0.0239577  -0.0147973 1.04686 1.0633
7196.92  -0.0241363  -0.0146788 1.04662 1.06293
7197.01  -0.024316  -0.0149777 1.04638 1.06302
7197.11  -0.0244978  -0.0151778 1.04613 1.06299
7197.2  -0.0246799  -0.0154209 1.04587 1.06301
7197.3  -0.0248603  -0.0156201 1.04562 1.06297
7197.39  -0.0250373  -0.01598 1.04535 1.06311
7197.49  -0.0252089  -0.015497 1.04508 1.0623
7197.58  -0.0253732  -0.015406 1.04481 1.06193
7197.68  -0.0255284  -0.0157436 1.04453 1.06203
7197.77  -0.0256725  -0.0159402 1.04425 1.06197
7197.87  -0.0258038  -0.0163211 1.04397 1.06211
7197.96  -0.0259202  -0.0158515 1.04369 1.0613
7198.06  -0.02602  -0.0157702 1.0434 1.06093
7198.15  -0.0261033  -0.0161172 1.04312 1.06103
7198.25  -0.0261719  -0.0163208 1.04283 1.06097
7198.34  -0.0262278  -0.0167068 1.04254 1.06111
7198.44  -0.026273  -0.0162415 1.04226 1.0603
7198.53  -0.0263094  -0.016159 1.04197 1.05993
7198.63  -0.0263391  -0.0165052 1.04169 1.06003
7198.72  -0.026364  -0.0167052 1.0414 1.05997
7198.82  -0.026386  -0.0170858 1.04112 1.06011
7198.91  -0.0264071  -0.0166146 1.04085 1.05931
7199.01  -0.0264294  -0.0165214 1.04057 1.05893
7199.1  -0.0264547  -0.0168611 1.04029 1.05903
7199.2  -0.0264849  -0.0170563 1.04001 1.05897
7199.3  -0.0265215  -0.0174377 1.03973 1.05911
7199.39  -0.0265661  -0.0169768 1.03944 1.05831
7199.49  -0.0266204  -0.0168992 1.03915 1.05793
7199.58  -0.0266858  -0.0172656 1.03884 1.05803
7199.68  -0.026764  -0.0174965 1.03853 1.05797
7199.77  -0.0268566  -0.0179201 1.03819 1.05811
7199.87  -0.0269651  -0.0175218 1.03785 1.05732
7199.96  -0.0270911  -0.0174745 1.03748 1.0569
7200.06  -0.0272362  -0.0180245 1.0371 1.05713
7200.15  -0.027402  -0.0176618 1.03669 1.05632
7200.25  -0.027587  -0.017673 1.03626 1.0559
7200.34  -0.0277867  -0.018284 1.03581 1.05612
7200.44  -0.0279964  -0.0179891 1.03533 1.05531
7200.53  -0.0282113  -0.0180744 1.03481 1.0549
7200.63  -0.0284265  -0.0187797 1.03427 1.05513
7200.72  -0.0286373  -0.0185295 1.03369 1.05428
7200.82  -0.028839  -0.0188654 1.03308 1.05404
7200.91  -0.0290267  -0.0187702 1.03245 1.0533
7201.01  -0.0291957  -0.0191194 1.03179 1.05303
7201.1  -0.0293412  -0.0190777 1.03112 1.05232
7201.2  -0.0294584  -0.0193932 1.03045 1.052
7201.29  -0.029547  -0.0195073 1.02978 1.05145
7201.39  -0.029614  -0.0189858 1.02911 1.05021
7201.48  -0.029667  -0.019433 1.02846 1.05005
7201.58  -0.0297138  -0.0193608 1.02783 1.04934
7201.67  -0.0297621  -0.0194952 1.02723 1.04889
7201.77  -0.0298194  -0.0202252 1.02666 1.04914
7201.86  -0.0298937  -0.0199292 1.02614 1.04828
7201.96  -0.0299924  -0.0201365 1.02566 1.04803
7202.05  -0.0301234  -0.0198936 1.02524 1.04734
7202.15  -0.0302944  -0.0198382 1.02488 1.04692
7202.25  -0.0305129  -0.0201924 1.02459 1.04702
7202.34  -0.0307794  -0.0203635 1.02437 1.04699
7202.44  -0.0310811  -0.0204916 1.02423 1.047
7202.53  -0.0314036  -0.0205319 1.02419 1.047
